kitti:
  horizontal_resolution: 0.15 # 0.1728   
  vertical_resolution: 0.4  

  min_range: 3.0
  max_range: 100
  max_points_in_pixel: 3
  
  fov_up: 2.0    
  fov_down: -24.9

  fov_left: 180.0 
  fov_right: -180.0 

  ego_to_lidar_transform:
    x: 1.2 
    y: 0.0 
    z: 1.7 
  ego_to_lidar_rotation:
    roll: 0.0
    pitch: -0.0
    yaw: 0.0 


# R: 
# 9.999976e-01 7.553071e-04 -2.035826e-03 
# -7.854027e-04 9.998898e-01 -1.482298e-02 
# 2.024406e-03 1.482454e-02 9.998881e-01
# T: -8.086759e-01 3.195559e-01 -7.997231e-01

# [ x: 0.8496285, y: -0.1160188, z: -0.0450118 ] xyz
# [ x: 0.8495388, y: -0.1166735, z: -0.0432866 ] xyz